,,,,,,,,1085,
,,,,,,,,32412,
,,,,,,,,46241,
,,,,,,,,27540,
,,,,,,,,31534,
,,,,,,,,50605,
,,,,,,,,5696,
,,,,,,,,18992,
,,,,,,,,21793,
,,,,,,,,5696,
,,,,,,,,18992,
,,,,,,,,53869,
,,,,,,,,50625,
,,,,,,,,14154,
,,,,,,,,8179,
,,,,,,,,1085,
,,,,,,,,49470,
,,,,,,,,50605,
,,,,,,,,33095,
,,,,,,,,34298,
,,,,,,,,25967,
,,,,,,,,42021,
,,,,,,,,4348,
,,,,,,,,50605,
,,,,,,,,24257,
,,,,,,,,51256,
,,,,,,,,24257,
,,,,,,,,5696,
,,,,,,,,1085,
,,,,,,,,36254,
,,,,,,,,39984,
,,,,,,,,39984,
,,,,,,,,8179,
,,,,,,,,48432,
,,,,,,,,6865,
,,,,,,,,42021,
,,,,,,,,18348,
,,,,,,,,1085,
,,,,,,,,30278,
,,,,,,,,22119,
,,,,,,,,32347,
,,,,,,,,53869,
,,,,,,,,8496,
,,,,,,,,7954,
,,,,,,,,7954,
,,,,,,,,9127,
,,,,,,,,32406,
,,,,,,,,4348,
,,,,,,,,30908,
,,,,,,,,6650,
